{
 "cells": [
  {
   "cell_type": "code",
   "execution_count": 31,
   "metadata": {},
   "outputs": [
    {
     "data": {
      "text/plain": [
       "'import csv\\ndef loadCsv(filename):\\n    lines = csv.reader(open(filename, \"rt\"))\\n    dataset = list(lines)\\n    for i in range(len(dataset)):\\n        dataset[i] = [int(x) for x in dataset[i]]\\n    return dataset'"
      ]
     },
     "execution_count": 31,
     "metadata": {},
     "output_type": "execute_result"
    }
   ],
   "source": [
    "'''import csv\n",
    "def loadCsv(filename):\n",
    "    lines = csv.reader(open(filename, \"rt\"))\n",
    "    dataset = list(lines)\n",
    "    for i in range(len(dataset)):\n",
    "        dataset[i] = [int(x) for x in dataset[i]]\n",
    "    return dataset'''"
   ]
  },
  {
   "cell_type": "code",
   "execution_count": 32,
   "metadata": {},
   "outputs": [
    {
     "data": {
      "text/plain": [
       "'import random\\ndef splitDataset(dataset, splitRatio):\\n    trainSize = int(len(dataset) * splitRatio)\\n    trainSet = []\\n    copy = list(dataset)\\n    while len(trainSet) < trainSize:\\n        index = random.randrange(len(copy))\\n        trainSet.append(copy.pop(index))\\n    return [trainSet, copy]'"
      ]
     },
     "execution_count": 32,
     "metadata": {},
     "output_type": "execute_result"
    }
   ],
   "source": [
    "'''import random\n",
    "def splitDataset(dataset, splitRatio):\n",
    "    trainSize = int(len(dataset) * splitRatio)\n",
    "    trainSet = []\n",
    "    copy = list(dataset)\n",
    "    while len(trainSet) < trainSize:\n",
    "        index = random.randrange(len(copy))\n",
    "        trainSet.append(copy.pop(index))\n",
    "    return [trainSet, copy]'''"
   ]
  },
  {
   "cell_type": "code",
   "execution_count": 1,
   "metadata": {},
   "outputs": [],
   "source": [
    "\n",
    "import random\n",
    "import math\n",
    "import operator\n",
    "\n",
    "\n",
    "def handleDataset(filename, split, trainingSet=[] , testSet=[]):\n",
    "    with open(filename, 'r') as csvfile:\n",
    "        lines = csv.reader(csvfile)\n",
    "        dataset = list(lines)\n",
    "        for x in range(len(dataset)-1):\n",
    "            for y in range(24):\n",
    "                dataset[x][y] = int(dataset[x][y])\n",
    "            if random.random() < split:\n",
    "                trainingSet.append(dataset[x]) \n",
    "            else:\n",
    "                testSet.append(dataset[x])\n",
    "        print(len(trainingSet),'sdhhsdhd')"
   ]
  },
  {
   "cell_type": "code",
   "execution_count": 2,
   "metadata": {},
   "outputs": [],
   "source": [
    "def separateByClass(dataset):\n",
    "    separated = {}\n",
    "    for i in range(len(dataset)):\n",
    "        vector = dataset[i]\n",
    "        if (vector[-1] not in separated):\n",
    "            separated[vector[-1]] = []\n",
    "        separated[vector[-1]].append(vector)\n",
    "    return separated"
   ]
  },
  {
   "cell_type": "code",
   "execution_count": 3,
   "metadata": {},
   "outputs": [],
   "source": [
    "import math\n",
    "import numpy as np\n",
    "def mean(numbers):\n",
    "    numbers = np.array(numbers)\n",
    "    \n",
    "    f1 = numbers[:,0].astype(int)\n",
    "    f2 = numbers[:,1].astype(int)\n",
    "    f3 = numbers[:,2].astype(int)\n",
    "    f4 = numbers[:,3].astype(int)\n",
    "    f5 = numbers[:,4].astype(int)\n",
    "    f6 = numbers[:,5].astype(int)\n",
    "    f7 = numbers[:,6].astype(int)\n",
    "    f8 = numbers[:,7].astype(int)\n",
    "    f9 = numbers[:,8].astype(int)\n",
    "    f10 = numbers[:,9].astype(int)\n",
    "    f11 = numbers[:,10].astype(int)\n",
    "    f12 = numbers[:,11].astype(int)\n",
    "    f13 = numbers[:,12].astype(int)\n",
    "    f14 = numbers[:,13].astype(int)\n",
    "    f15 = numbers[:,14].astype(int)\n",
    "    f16 = numbers[:,15].astype(int)\n",
    "    f17 = numbers[:,16].astype(int)\n",
    "    f18 = numbers[:,17].astype(int)\n",
    "    f19 = numbers[:,18].astype(int)\n",
    "    f20 = numbers[:,19].astype(int)\n",
    "    f21 = numbers[:,20].astype(int)\n",
    "    f22 = numbers[:,21].astype(int)\n",
    "    f23 = numbers[:,22].astype(int)\n",
    "    f24 = numbers[:,23].astype(int)\n",
    "    #print(f1)\n",
    "    #print(f2)\n",
    "    yy1 = np.mean(f1)\n",
    "    yy2 = np.mean(f2)\n",
    "    yy3 = np.mean(f3)\n",
    "    yy4 = np.mean(f4)\n",
    "    yy5 = np.mean(f5)\n",
    "    yy6 = np.mean(f6)\n",
    "    yy7 = np.mean(f7)\n",
    "    yy8 = np.mean(f8)\n",
    "    yy9 = np.mean(f9)\n",
    "    yy10 = np.mean(f10)\n",
    "    yy11 = np.mean(f11)\n",
    "    yy12 = np.mean(f12)\n",
    "    yy13 = np.mean(f13)\n",
    "    yy14 = np.mean(f14)\n",
    "    yy15 = np.mean(f15)\n",
    "    yy16 = np.mean(f16)\n",
    "    yy17 = np.mean(f17)\n",
    "    yy18 = np.mean(f18)\n",
    "    yy19 = np.mean(f19)\n",
    "    yy20 = np.mean(f20)\n",
    "    yy21 = np.mean(f21)\n",
    "    yy22 = np.mean(f22)\n",
    "    yy23 = np.mean(f23)\n",
    "    yy24 = np.mean(f24)\n",
    "    \n",
    "    x = np.vstack([f1,f2,f3,f4,f5,f6,f7,f8,f9,f10,f11,f12,f13,f14,f15,f16,f17,f18,f19,f20,f21,f22,f23,f24])\n",
    "    cov = np.cov(x)\n",
    "    #print(cov)\n",
    "    #cov = np.cov(f1,f2,f3,f4,f5,f6,f7,f8,f9,f10,f11,f12,f13,f14,f15,f16,f17,f18,f19,f20,f21,f22,f23,f24)\n",
    "    mean = (yy1,yy2,yy3,yy4,yy5,yy6,yy7,yy8,yy9,yy10,yy11,yy12,yy13,yy14,yy15,yy16,yy17,yy18,yy19,yy20,yy21,yy22,yy23,yy24)\n",
    "    m = list(mean)\n",
    "    \n",
    "    return m,cov\n",
    "    \n",
    "#def cov(numbers):\n",
    "    "
   ]
  },
  {
   "cell_type": "code",
   "execution_count": 5,
   "metadata": {},
   "outputs": [],
   "source": [
    "def summarize(dataset):\n",
    "    #for x in range(3):\n",
    "    #print(dataset,'dssd',len(dataset))\n",
    "    #summaries = [(mean(attribute), stdev(attribute)) for attribute in zip(*dataset)]\n",
    "    summaries = []\n",
    "    m = mean(dataset)\n",
    "    #cv = covm(dataset)\n",
    "    summaries.append(m)\n",
    "    #summaries.append(cv)\n",
    "    \n",
    "    #del summaries[-1]\n",
    "    #print(summaries)\n",
    "    return summaries"
   ]
  },
  {
   "cell_type": "code",
   "execution_count": 6,
   "metadata": {},
   "outputs": [],
   "source": [
    "def summarizeByClass(dataset):\n",
    "    separated = separateByClass(dataset)\n",
    "    #print(separated)\n",
    "    summaries = {}\n",
    "    for classValue, instances in separated.items():\n",
    "        summaries[classValue] = summarize(instances)\n",
    "    #print(summaries)\n",
    "    return summaries"
   ]
  },
  {
   "cell_type": "code",
   "execution_count": 15,
   "metadata": {},
   "outputs": [],
   "source": [
    "import math\n",
    "import operator\n",
    "import numpy as np\n",
    "def calculateProbability(x, mean, cov):\n",
    "    #pp = np.array(x) - np.array(mean)\n",
    "    \n",
    "    #determinant of covariance matrix\n",
    "    det_cov = np.linalg.det(cov)\n",
    "    print(cov)\n",
    "    pp = list(map(operator.sub,x,mean)) \n",
    "    #print(x,mean)\n",
    "    #print('covariance',cov)\n",
    "    #print('x-mean',pp)\n",
    "    \n",
    "    \n",
    "    #inverse of the covariance matrix\n",
    "    inv_cov = np.linalg.inv(cov)\n",
    "    \n",
    "    pt = np.array(pp).reshape(24,1)\n",
    "    parta = np.dot(pp,inv_cov)\n",
    "    partb = np.dot(parta,pt)\n",
    "    part1 = math.exp(-1/2 * partb)\n",
    "    #print(part1)\n",
    "    \n",
    "    part2 = 2 * math.pi * math.sqrt(abs(det_cov))\n",
    "    \n",
    "    #print('part2',part2)\n",
    "    \n",
    "    gauss = part1/part2\n",
    "        \n",
    "    #print('transpose',pt)\n",
    "    #inv_cov = np.linalg.det(cov)\n",
    "    #print(gauss)\n",
    "    #print(parta)\n",
    "    #print\n",
    "    \n",
    "    return gauss"
   ]
  },
  {
   "cell_type": "code",
   "execution_count": 16,
   "metadata": {},
   "outputs": [],
   "source": [
    "\n",
    "def calculateClassProbabilities(summaries, inputVector):\n",
    "    probabilities = {}\n",
    "    del inputVector [-1]\n",
    "    #print(inputVector)\n",
    "    for classValue, classSummaries in summaries.items():\n",
    "        probabilities[classValue] = 1\n",
    "        for i in range(len(classSummaries)):\n",
    "            mean, cov = classSummaries[i]\n",
    "            #x = inputVector.loc[i][1,2]\n",
    "            #print(cov)\n",
    "            probabilities[classValue] *= calculateProbability(inputVector, mean, cov)\n",
    "            #print(probabilities)\n",
    "    return probabilities"
   ]
  },
  {
   "cell_type": "code",
   "execution_count": 17,
   "metadata": {},
   "outputs": [],
   "source": [
    "\n",
    "def predict(summaries, inputVector):\n",
    "    #print(inputVector)\n",
    "    probabilities = calculateClassProbabilities(summaries, inputVector)\n",
    "    bestLabel, bestProb = None, -1\n",
    "    for classValue, probability in probabilities.items():\n",
    "        if bestLabel is None or probability > bestProb:\n",
    "            bestProb = probability\n",
    "            bestLabel = classValue\n",
    "    return bestLabel"
   ]
  },
  {
   "cell_type": "code",
   "execution_count": 18,
   "metadata": {},
   "outputs": [],
   "source": [
    "def getPredictions(parameters, testSet):\n",
    "    #print(testSet)\n",
    "    predictions = []\n",
    "    for i in range(len(testSet)):\n",
    "        result = predict(parameters, testSet[i])\n",
    "        predictions.append(result)\n",
    "    #print('pp',predictions)\n",
    "    return predictions"
   ]
  },
  {
   "cell_type": "code",
   "execution_count": 19,
   "metadata": {},
   "outputs": [],
   "source": [
    "def getAccuracy(testSet, predictions):\n",
    "    correct = 0\n",
    "    #test = np.array(testSet)\n",
    "    #test = testSet[-1]\n",
    "    print(len(testSet))\n",
    "    for x in range(len(testSet)):\n",
    "        if testSet[x] == predictions[x]:\n",
    "            correct += 1\n",
    "            #print(testSet[x][-1])\n",
    "    return (correct/len(testSet)) * 100.0"
   ]
  },
  {
   "cell_type": "code",
   "execution_count": 20,
   "metadata": {},
   "outputs": [
    {
     "name": "stdout",
     "output_type": "stream",
     "text": [
      "[[11073, 5836, 5956, 7544, 9326, 14883, 6129, 4789, 2731, 8425, 9307, 8546, 11078, 10034, 11326, 4089, 3862, 6693, 4961, 10696, 13845, 11924, 6332, 7223, '1'], [2464, 4922, 14023, 11740, 7352, 4162, 11235, 9638, 2923, 3224, 7125, 14927, 12623, 6954, 3609, 14151, 3985, 6140, 9447, 14317, 9809, 6909, 1112, 13817, '1'], [233122, 350254, 506579, 595568, 467091, 421738, 561894, 322154, 218397, 368689, 523976, 628643, 467003, 403751, 579231, 268710, 310993, 501906, 491779, 524150, 456811, 412303, 603832, 156626, '1'], [13124, 24610, 13175, 7116, 2430, 1196, 2880, 1005, 4919, 9231, 24428, 13068, 6378, 3564, 3683, 265, 13011, 11436, 3974, 4256, 12362, 10634, 9726, 137, '1'], [3560, 40582, 12469, 8660, 162, 86, 17, 0, 2307, 29349, 23296, 7969, 2523, 79, 13, 0, 6220, 14355, 20466, 14142, 3000, 7338, 15, 0, '1'], [1317, 7968, 16466, 19473, 15971, 4182, 120, 39, 3, 905, 9363, 24051, 19219, 11906, 74, 15, 1, 309, 4731, 17994, 14250, 20474, 7772, 5, '1'], [9741, 18576, 14820, 11208, 5945, 2360, 1858, 1028, 5107, 22337, 19505, 8390, 7128, 1648, 917, 504, 514, 3602, 11959, 10544, 20537, 12536, 5394, 450, '1'], [613255, 1269185, 997935, 658654, 490833, 1320091, 2603596, 36723, 449695, 1189660, 1098665, 711003, 473297, 472117, 2285205, 1310630, 1772676, 1214678, 418254, 261594, 230816, 288961, 1666220, 2137073, '1'], [16448, 10210, 23440, 10822, 1382, 993, 987, 1254, 17050, 5896, 18161, 16522, 6285, 1093, 372, 157, 10473, 6868, 5511, 4692, 15455, 9090, 13447, 0, '1'], [5424, 5528, 6446, 18226, 19986, 9637, 278, 11, 4842, 5773, 4339, 12392, 20198, 17287, 695, 10, 5933, 6274, 2681, 4517, 20405, 13126, 12416, 184, '1'], [0, 2417, 2300, 9881, 7543, 1144, 952, 41299, 184, 5290, 22453, 13828, 15427, 4973, 2008, 1373, 4740, 50487, 10300, 9, 0, 0, 0, 0, '1'], [10428, 5136, 4734, 17757, 20465, 7003, 13, 0, 6012, 5334, 3528, 8181, 25579, 14502, 2400, 0, 2231, 5279, 2840, 1668, 2281, 3793, 14167, 33277, '1'], [12513, 6929, 2181, 2951, 9575, 5786, 10079, 15522, 16395, 4717, 1804, 11512, 8195, 5995, 7111, 9807, 10809, 8686, 2854, 13935, 10111, 4626, 7738, 6777, '1'], [5320, 15717, 20405, 13813, 5700, 1574, 1099, 1908, 2572, 14045, 17432, 17077, 7382, 3756, 1097, 2175, 9322, 14952, 14076, 7526, 9523, 6125, 2299, 1713, '1'], [3232, 10781, 14707, 23125, 3945, 6687, 3059, 0, 3294, 11293, 9030, 26603, 5529, 6061, 3726, 0, 4735, 12729, 8832, 24906, 4604, 8731, 999, 0, '1'], [6560, 14028, 5576, 10426, 8151, 3410, 3037, 14348, 2178, 12368, 7838, 6156, 5975, 13113, 10666, 7242, 3972, 12764, 6386, 4170, 6304, 6986, 12638, 12316, '1'], [18118, 2386, 1661, 7054, 10997, 9066, 11268, 4986, 13829, 5495, 1808, 1846, 8685, 13587, 10970, 9316, 12293, 6750, 1588, 1595, 4605, 14495, 10232, 13978, '1'], [1400, 18273, 12141, 10492, 11499, 8337, 3358, 36, 3334, 6494, 6515, 10474, 16023, 16591, 6093, 12, 8397, 4736, 2530, 2947, 8385, 21349, 10777, 6415, '1'], [472, 5168, 19223, 13489, 6342, 5460, 4949, 10433, 537, 1512, 6901, 25879, 13441, 4729, 4457, 8080, 828, 2034, 10457, 23928, 11960, 5513, 4854, 5962, '1'], [42824, 258880, 495433, 241692, 275992, 116262, 58608, 430309, 58586, 312663, 453679, 179469, 175532, 215426, 80243, 444402, 166756, 416782, 290734, 144013, 109054, 233759, 88455, 470447, '1'], [2617, 10884, 7266, 9693, 8494, 5530, 1612, 19440, 16637, 9799, 11034, 8873, 8449, 4679, 4880, 1185, 17659, 9207, 31334, 6809, 246, 25, 25, 231, '1'], [3094, 4895, 7197, 9856, 8990, 17828, 11124, 2552, 3128, 3056, 6654, 6821, 8793, 6227, 27133, 3724, 3203, 2152, 5150, 6408, 7313, 7498, 13382, 20430, '1'], [58487, 97250, 131711, 115032, 83372, 63111, 63785, 173684, 143295, 172099, 121646, 88113, 119739, 90865, 29516, 21159, 190308, 205276, 97994, 195681, 82323, 14426, 424, 0, '1'], [191123, 187826, 192364, 194125, 110058, 46770, 61222, 245312, 198068, 188335, 196679, 189088, 100273, 43103, 36551, 276703, 156808, 173615, 211381, 188303, 115089, 53231, 42997, 287376, '1'], [1161, 5141, 8030, 8049, 7584, 14732, 13677, 7162, 378, 2763, 5625, 9504, 13120, 3905, 12040, 18201, 1098, 2745, 3115, 5880, 12211, 11515, 7078, 21894, '1'], [453, 15937, 12363, 4380, 2061, 2266, 19360, 8716, 1293, 15417, 12286, 4343, 1951, 1894, 11168, 17184, 2995, 17843, 9341, 3498, 1598, 1244, 2453, 26564, '1'], [1610, 14666, 24358, 9622, 3443, 3950, 6132, 1755, 223, 9523, 20148, 15476, 7832, 2081, 673, 9580, 4102, 14897, 18633, 9070, 6785, 2011, 496, 9542, '1'], [9152, 21272, 7806, 6448, 6716, 7430, 3773, 2939, 267, 1303, 9367, 26052, 13993, 5301, 7751, 1502, 349, 1807, 4481, 14962, 12679, 22615, 4742, 3901, '1'], [6189, 16665, 9159, 5492, 13409, 4336, 10268, 18, 3283, 14120, 11836, 17760, 5638, 439, 7023, 5437, 3418, 12602, 22304, 11743, 2718, 282, 542, 11927, '1'], [6142, 13575, 7079, 11365, 13862, 7237, 5253, 1023, 2, 7366, 16761, 7578, 4114, 5303, 14817, 9595, 4, 863, 10032, 15297, 7635, 4168, 1558, 25979, '1'], [1361, 31191, 11335, 2345, 8882, 7823, 1456, 1143, 548, 10601, 5002, 4191, 11811, 17794, 13791, 1798, 1391, 10510, 4244, 3395, 3831, 12807, 14965, 14393, '1'], [495, 2744, 15236, 15312, 5992, 3479, 19488, 2790, 388, 2239, 8405, 21459, 8181, 3416, 19655, 1793, 719, 4417, 8166, 12506, 16294, 3595, 19344, 495, '1'], [691421, 187438, 149017, 187881, 133361, 245044, 186336, 139502, 552982, 288937, 121217, 107610, 182789, 88560, 173920, 403985, 616001, 174891, 124753, 154019, 85482, 65215, 145448, 554191, '1'], [6861, 15637, 19358, 13418, 4085, 4444, 5880, 3917, 6968, 16199, 19766, 12352, 3894, 3151, 6847, 4423, 8546, 17793, 20831, 9682, 2297, 1855, 5855, 6741, '1'], [173132, 91999, 59244, 81491, 70838, 26353, 16780, 266595, 119805, 107767, 67963, 72361, 73780, 46722, 23517, 274517, 68105, 122460, 80075, 90238, 72085, 31456, 44497, 277516, '1'], [13709, 3280, 5479, 6146, 5231, 22302, 5049, 4340, 13625, 3272, 5514, 6318, 5317, 21421, 5895, 4174, 13617, 3328, 5844, 6794, 4965, 4910, 22007, 4071, '2'], [5184, 4651, 8183, 13728, 26803, 28523, 9345, 1887, 6306, 6098, 12632, 12257, 33063, 16504, 9091, 2353, 7025, 6398, 13576, 10538, 11933, 37867, 9080, 1887, '2'], [1120, 2649, 15233, 14025, 13380, 12835, 3459, 2835, 654, 1711, 4902, 13521, 7543, 8958, 27982, 265, 3074, 3861, 4589, 5634, 10373, 4317, 12182, 21506, '2'], [1384, 11104, 37208, 25579, 7422, 8730, 6349, 528, 2716, 10944, 23703, 38415, 7221, 5283, 8588, 1434, 4004, 9331, 24941, 7892, 5092, 20919, 25230, 895, '2'], [10822, 9373, 3498, 2128, 4389, 5731, 29375, 220, 5278, 10797, 6608, 2627, 6039, 6860, 27178, 149, 20680, 2988, 1180, 1722, 8111, 4981, 25506, 368, '2'], [808, 2900, 6679, 21544, 13098, 20363, 144, 0, 807, 3479, 5820, 20369, 12529, 22265, 267, 0, 1188, 3998, 7061, 19247, 12408, 21573, 61, 0, '2'], [13117, 16704, 28651, 21209, 7671, 5841, 4113, 998, 4102, 15647, 29351, 29968, 8238, 5862, 4022, 1114, 21269, 38905, 17830, 7232, 5299, 3843, 2634, 1292, '2'], [12091, 6340, 7889, 36062, 2007, 679, 316, 152, 4799, 11864, 8466, 6854, 32743, 560, 209, 41, 0, 548, 10395, 6917, 9692, 5442, 30667, 1875, '2'], [11363, 3115, 5625, 5271, 3690, 2604, 2836, 31032, 15630, 5347, 5736, 4097, 2913, 4827, 11491, 15495, 19471, 7721, 14107, 9256, 14052, 643, 113, 173, '2'], [3641, 5882, 6778, 11911, 34122, 29964, 5131, 875, 3776, 4986, 6345, 12681, 38145, 27077, 4524, 770, 3552, 5106, 4339, 5341, 18893, 48849, 11007, 1217, '2'], [5921, 12459, 32912, 29844, 8577, 2715, 3687, 2189, 4142, 10804, 11913, 15006, 35361, 17284, 2690, 1104, 10599, 15147, 11862, 5416, 1368, 5469, 46533, 1910, '2'], [6, 8453, 13760, 18823, 17257, 4405, 1585, 1247, 0, 2, 13477, 16495, 16789, 14764, 2583, 1426, 0, 0, 2853, 26580, 12460, 20823, 2339, 481, '2'], [5943, 11852, 12972, 10981, 7039, 7253, 4865, 4631, 4513, 8226, 12160, 12563, 11051, 7787, 4633, 4603, 7990, 9705, 11761, 11790, 9900, 6661, 3765, 3964, '2'], [13008, 9297, 5152, 3189, 34244, 23200, 8747, 1467, 15233, 8415, 4847, 2833, 14131, 41813, 9869, 1163, 13866, 6862, 6300, 7213, 2173, 32733, 27657, 1500, '2'], [17359, 6441, 15283, 4831, 16370, 4607, 645, 0, 18052, 8180, 19559, 16373, 3371, 1, 0, 0, 4946, 13195, 5146, 11863, 18022, 12363, 1, 0, '2'], [22905, 3455, 906, 659, 636, 711, 3706, 32558, 22181, 4733, 955, 818, 1054, 8246, 27035, 514, 19761, 8515, 3182, 33860, 218, 0, 0, 0, '2'], [2888, 7943, 6014, 10498, 12983, 20667, 3734, 809, 314, 7507, 5806, 9118, 11972, 6076, 23632, 1111, 2750, 8755, 4355, 10048, 8761, 7082, 17536, 6249, '2'], [997, 3239, 35816, 15772, 5430, 2684, 1245, 353, 628, 2762, 10415, 17458, 29819, 2867, 1183, 404, 678, 2919, 5918, 8385, 8364, 4117, 19383, 15772, '2'], [7843, 6411, 6160, 7000, 34684, 2389, 764, 285, 9274, 7189, 5333, 2293, 2915, 37628, 776, 128, 15297, 4411, 2537, 2696, 3315, 3530, 33002, 748, '2'], [20, 4422, 7981, 27946, 23128, 981, 727, 331, 0, 15, 6580, 11050, 23844, 22846, 794, 407, 0, 0, 2001, 11328, 15070, 36267, 813, 57, '2'], [2096, 8947, 19862, 15169, 9542, 4717, 2819, 2384, 783, 4776, 10327, 10416, 17926, 12011, 6477, 2820, 692, 3194, 4625, 11588, 10454, 3773, 13080, 18130, '2'], [2872, 6648, 8943, 10279, 6148, 17870, 11299, 1477, 2231, 7006, 7251, 14791, 5917, 14929, 13405, 6, 5239, 7053, 8256, 13611, 6906, 14386, 8580, 1505, '2'], [2499, 10732, 16599, 42745, 19476, 3198, 1692, 1363, 1812, 6505, 14777, 42421, 23753, 6402, 1720, 914, 1370, 3827, 10474, 17552, 25997, 23574, 14657, 853, '2'], [7483, 8806, 11321, 8466, 8414, 9112, 9074, 2860, 1908, 7261, 9482, 9122, 9158, 8929, 15024, 4652, 2014, 6968, 8999, 8140, 8058, 7274, 15006, 9077, '2'], [658, 14998, 11102, 27609, 8595, 1694, 700, 180, 0, 1487, 19758, 10815, 27078, 5236, 1119, 43, 0, 0, 15045, 16001, 22272, 11843, 375, 0, '2'], [1238, 10243, 16460, 16216, 24208, 7867, 544, 24, 853, 8063, 15475, 14582, 12079, 18866, 6681, 201, 2032, 9704, 14357, 12041, 9759, 14118, 13371, 1418, '2'], [50044, 843330, 1457179, 588625, 513185, 1758678, 84442, 46597, 81984, 1124142, 1176971, 445534, 707009, 1694894, 43018, 68528, 74659, 1046225, 1294294, 347600, 409639, 2118408, 20600, 30655, '2'], [5384, 3702, 7928, 13862, 8196, 3733, 8017, 21178, 4647, 4256, 10486, 13018, 7102, 4091, 3609, 24791, 7998, 9747, 9164, 6747, 6933, 4052, 1965, 25394, '2'], [29568, 211201, 433362, 514845, 287994, 230441, 111923, 100666, 42734, 122652, 258092, 338817, 357033, 471093, 217945, 111634, 39201, 268890, 270657, 161397, 92146, 86528, 549836, 451345, '2'], [19528, 28119, 50485, 251172, 74535, 49673, 76241, 79068, 22374, 35346, 31354, 29310, 199291, 194688, 73318, 43140, 38136, 42172, 40924, 55654, 47259, 41523, 323662, 39491, '3'], [7981, 5499, 4433, 5259, 6014, 14642, 9694, 12478, 7517, 4916, 4287, 5276, 4557, 13226, 8235, 17986, 8164, 5426, 4008, 3104, 4524, 11234, 10878, 18662, '3'], [28605, 57739, 45733, 41789, 27872, 20273, 15556, 69633, 37538, 55096, 47715, 43748, 31120, 15569, 9601, 66813, 56094, 60392, 45466, 36476, 24194, 10669, 7674, 66235, '3'], [150479, 262059, 196735, 127212, 92868, 9782, 45713, 342992, 189710, 257523, 205039, 93997, 82417, 9182, 43588, 346384, 184868, 272955, 204183, 100920, 66713, 5444, 39904, 352853, '3 '], [337158, 123460, 107502, 291066, 350454, 340753, 289563, 80044, 358101, 128495, 115631, 152987, 307176, 384015, 390429, 83166, 591358, 145506, 83827, 41969, 39555, 368617, 603906, 45262, '3'], [124520, 166939, 136332, 60268, 79797, 204484, 209649, 235291, 119752, 217326, 119308, 52119, 28700, 138005, 218102, 323968, 237480, 197611, 60470, 27689, 16293, 61768, 255262, 360707, '3'], [142536, 236322, 143670, 122217, 59307, 56218, 36458, 283272, 44608, 186397, 218788, 152799, 99484, 77301, 14823, 285800, 266866, 206206, 112612, 73620, 65061, 57781, 11716, 286138, '3'], [43283, 178335, 142748, 143616, 100152, 61719, 34860, 81719, 38296, 168664, 145684, 137339, 109230, 71211, 30671, 85337, 11346, 167616, 147697, 154924, 104961, 72580, 37519, 89789, '3'], [449848, 249159, 189530, 111290, 86495, 167315, 116040, 203973, 657013, 215936, 117081, 63747, 59565, 60721, 156291, 243296, 791886, 144176, 81339, 54817, 54356, 48525, 44079, 354472, '3 '], [351386, 205466, 144812, 131934, 92571, 89200, 266176, 116215, 337803, 236501, 157526, 145324, 94196, 168014, 153781, 104615, 390670, 236200, 140636, 136015, 115554, 261035, 12564, 105086, '3'], [5281, 12016, 13109, 7705, 4262, 1530, 466, 23131, 6783, 16612, 13058, 5162, 1729, 661, 418, 23077, 17473, 16421, 6492, 2287, 987, 477, 395, 22968, '3'], [1255648, 220315, 143162, 116405, 55791, 26321, 22035, 32707, 1430848, 320867, 71643, 12666, 7642, 6100, 6735, 15883, 1344557, 460237, 41819, 10626, 8581, 4229, 2185, 150, '3'], [11852, 16132, 11539, 4742, 1928, 7334, 20045, 3228, 10651, 17883, 10089, 4752, 2309, 1587, 18004, 11525, 10059, 16419, 12014, 4361, 2674, 1711, 9766, 19796, '3'], [236961, 178487, 134390, 110171, 99857, 83816, 42820, 566335, 260960, 174114, 147503, 111240, 103130, 69652, 51160, 535078, 187971, 131054, 151122, 158888, 114900, 101099, 57943, 549860, '3'], [19106, 24094, 12516, 7560, 4473, 5317, 447, 16487, 18422, 25385, 12436, 7549, 6318, 3095, 287, 16508, 22521, 27224, 7580, 7437, 7338, 1133, 275, 16492, '3'], [1316, 5581, 32372, 7225, 4402, 3010, 1081, 513, 554, 7469, 5033, 6140, 25139, 6935, 3509, 721, 457, 4303, 6694, 7692, 16214, 16527, 3143, 470, '3'], [1952, 4684, 5843, 9459, 8548, 10488, 19505, 13921, 5763, 6918, 6487, 9518, 9119, 9507, 14176, 12912, 11246, 6228, 9856, 8237, 6701, 5017, 10978, 16137, '3'], [40381, 4355, 3332, 3077, 3619, 5989, 6758, 4809, 3992, 2836, 2888, 3313, 11334, 19498, 14432, 14027, 5936, 4838, 4360, 4295, 3304, 4562, 3331, 41694, '3'], [101, 2764, 6024, 5393, 7451, 38762, 6470, 535, 633, 4820, 5786, 8609, 5255, 6647, 35629, 121, 2390, 7187, 8518, 7771, 2098, 4304, 33725, 1507, '3'], [16148, 12385, 10890, 20475, 5716, 2046, 1483, 1237, 25674, 4801, 3182, 2702, 17872, 13057, 2347, 745, 25969, 5165, 2382, 2314, 2249, 3790, 27615, 896, '3'], [4758, 6448, 7846, 5739, 5684, 11985, 24911, 129, 9035, 10131, 6367, 3298, 2912, 4631, 31080, 46, 15863, 9036, 2965, 1772, 2281, 2663, 32628, 292, '3'], [14826, 13050, 7726, 6545, 6185, 12529, 9736, 12653, 14448, 12837, 7890, 4199, 7400, 7556, 15052, 13868, 19948, 12835, 4714, 3149, 2475, 905, 11320, 27904, '3'], [30879, 146902, 170890, 430250, 266262, 134753, 41853, 7011, 33308, 140833, 178463, 98101, 196966, 416486, 143987, 20656, 74422, 187990, 167460, 118967, 64263, 24128, 301872, 289698, '3'], [5126, 8651, 10042, 21576, 15145, 6901, 5453, 12006, 9161, 11577, 6801, 18897, 16062, 9860, 10645, 1897, 15013, 8768, 6455, 9515, 34287, 10694, 161, 7, '3'], [2656, 11237, 6821, 7907, 4291, 3386, 10944, 19958, 3964, 13719, 7200, 6131, 2715, 3181, 10310, 19980, 5099, 14325, 7012, 5173, 2682, 2874, 10114, 19921, '3'], [9607, 9044, 7910, 7299, 2875, 498, 6107, 15460, 13147, 11541, 7162, 2977, 1227, 1120, 2495, 19131, 14352, 12265, 6062, 2534, 712, 1106, 2276, 19493, '3'], [797, 11437, 18483, 13121, 8242, 5228, 3904, 6288, 495, 6999, 16934, 16327, 10330, 5907, 3874, 6634, 52, 4777, 18233, 17454, 10551, 6049, 4143, 6241, '3'], [10767, 15729, 7727, 5556, 4778, 4542, 29032, 5119, 10591, 16114, 7641, 5621, 4739, 2100, 16279, 20165, 13226, 15124, 7216, 5731, 4295, 1216, 4847, 31595, '3'], [268554, 178706, 90688, 54338, 29409, 6895, 26623, 573587, 255952, 165064, 96892, 60862, 37919, 10665, 7014, 594432, 263504, 156454, 80139, 71942, 42022, 12440, 3912, 598387, '3'], [2282, 13027, 10999, 5530, 4956, 4197, 20882, 5627, 3753, 14074, 11093, 3575, 3976, 4709, 21340, 4980, 7568, 17436, 5882, 2358, 3357, 4374, 14466, 12059, '3'], [10850, 12822, 6648, 2862, 1163, 815, 5205, 28035, 11936, 13741, 5420, 2227, 1035, 794, 4974, 28273, 17103, 11515, 3292, 1754, 874, 710, 1373, 31779, '3']]\n",
      "Size of trainingSet is  95 and testing size is  54\n",
      "[[2.49442956e+10 2.60999113e+10 2.16015092e+10 1.75225873e+10\n",
      "  1.28926353e+10 2.79932509e+10 4.84909179e+10 6.08258856e+09\n",
      "  1.95458175e+10 2.69782796e+10 2.28810677e+10 1.69356888e+10\n",
      "  1.34636487e+10 1.12060628e+10 4.30453978e+10 3.15717332e+10\n",
      "  4.22005069e+10 2.58245463e+10 1.20259733e+10 1.02114257e+10\n",
      "  7.84001525e+09 7.76825531e+09 3.27106777e+10 4.70462957e+10]\n",
      " [2.60999113e+10 4.91875463e+10 4.20968462e+10 2.97430852e+10\n",
      "  2.27071041e+10 5.07715227e+10 9.63469402e+10 7.18363682e+09\n",
      "  2.00245574e+10 4.73832908e+10 4.54732920e+10 3.11046986e+10\n",
      "  2.16102611e+10 2.09586530e+10 8.52624055e+10 5.23194345e+10\n",
      "  6.76448860e+10 4.94014583e+10 2.07160121e+10 1.47793929e+10\n",
      "  1.25006034e+10 1.45615728e+10 6.37825080e+10 8.07501593e+10]\n",
      " [2.16015092e+10 4.20968462e+10 3.97193115e+10 2.86560224e+10\n",
      "  2.26443016e+10 4.26378460e+10 7.82415718e+10 1.10745535e+10\n",
      "  1.71900798e+10 4.13595128e+10 4.20641742e+10 2.93944128e+10\n",
      "  2.09698517e+10 2.04147797e+10 6.98972082e+10 4.53819429e+10\n",
      "  5.53739197e+10 4.46699642e+10 2.14652483e+10 1.59810606e+10\n",
      "  1.33909005e+10 1.56162210e+10 5.35455638e+10 6.66290840e+10]\n",
      " [1.75225873e+10 2.97430852e+10 2.86560224e+10 2.30178495e+10\n",
      "  1.78329323e+10 3.09387498e+10 5.49701114e+10 9.31850046e+09\n",
      "  1.42320880e+10 2.95822068e+10 3.03608508e+10 2.36693783e+10\n",
      "  1.71225896e+10 1.58740702e+10 4.95760388e+10 3.15826159e+10\n",
      "  3.92863071e+10 3.21689570e+10 1.73420770e+10 1.45393342e+10\n",
      "  1.21316041e+10 1.26896908e+10 3.91521630e+10 4.46897051e+10]\n",
      " [1.28926353e+10 2.27071041e+10 2.26443016e+10 1.78329323e+10\n",
      "  1.41375834e+10 2.34022526e+10 4.11292464e+10 8.03370313e+09\n",
      "  1.04945366e+10 2.27210932e+10 2.38125547e+10 1.81846436e+10\n",
      "  1.33171655e+10 1.25525533e+10 3.72443507e+10 2.44528612e+10\n",
      "  2.94196650e+10 2.50579167e+10 1.36969796e+10 1.12411382e+10\n",
      "  9.43440860e+09 1.02414331e+10 2.95702302e+10 3.41179874e+10]\n",
      " [2.79932509e+10 5.07715227e+10 4.26378460e+10 3.09387498e+10\n",
      "  2.34022526e+10 5.40366011e+10 1.02349425e+11 5.20708379e+09\n",
      "  2.12432944e+10 4.88059304e+10 4.63049044e+10 3.26052408e+10\n",
      "  2.27764120e+10 2.18852211e+10 9.07331567e+10 5.29825719e+10\n",
      "  7.14143953e+10 5.05997867e+10 2.08098380e+10 1.53215156e+10\n",
      "  1.32141984e+10 1.50854700e+10 6.80450252e+10 8.28465025e+10]\n",
      " [4.84909179e+10 9.63469402e+10 7.82415718e+10 5.49701114e+10\n",
      "  4.11292464e+10 1.02349425e+11 1.98495623e+11 5.04188619e+09\n",
      "  3.60718226e+10 9.11069645e+10 8.58418833e+10 5.90404746e+10\n",
      "  3.99077997e+10 3.91424522e+10 1.75225841e+11 9.87284839e+10\n",
      "  1.34554794e+11 9.41832115e+10 3.58216443e+10 2.49076507e+10\n",
      "  2.19740824e+10 2.57215649e+10 1.29978553e+11 1.57924221e+11]\n",
      " [6.08258856e+09 7.18363682e+09 1.10745535e+10 9.31850046e+09\n",
      "  8.03370313e+09 5.20708379e+09 5.04188619e+09 1.13063726e+10\n",
      "  5.91708919e+09 8.75962876e+09 1.06969998e+10 8.39326906e+09\n",
      "  7.08257105e+09 6.28584227e+09 5.24712925e+09 1.08657957e+10\n",
      "  7.06458455e+09 1.08280562e+10 9.06471843e+09 8.09382451e+09\n",
      "  6.07638404e+09 6.18815673e+09 5.77613705e+09 1.01564636e+10]\n",
      " [1.95458175e+10 2.00245574e+10 1.71900798e+10 1.42320880e+10\n",
      "  1.04945366e+10 2.12432944e+10 3.60718226e+10 5.91708919e+09\n",
      "  1.57485390e+10 2.10799458e+10 1.80416511e+10 1.36098750e+10\n",
      "  1.09872017e+10 9.04529090e+09 3.20275475e+10 2.41792343e+10\n",
      "  3.23766183e+10 2.03739455e+10 1.00913656e+10 9.00041456e+09\n",
      "  6.68694676e+09 6.35965510e+09 2.45170841e+10 3.53132554e+10]\n",
      " [2.69782796e+10 4.73832908e+10 4.13595128e+10 2.95822068e+10\n",
      "  2.27210932e+10 4.88059304e+10 9.11069645e+10 8.75962876e+09\n",
      "  2.10799458e+10 4.63754594e+10 4.43405923e+10 3.04197197e+10\n",
      "  2.17241566e+10 2.07743754e+10 8.07093618e+10 5.12732958e+10\n",
      "  6.59846130e+10 4.83038116e+10 2.09397010e+10 1.54648519e+10\n",
      "  1.27340187e+10 1.45925248e+10 6.06025375e+10 7.80748483e+10]\n",
      " [2.28810677e+10 4.54732920e+10 4.20641742e+10 3.03608508e+10\n",
      "  2.38125547e+10 4.63049044e+10 8.58418833e+10 1.06969998e+10\n",
      "  1.80416511e+10 4.43405923e+10 4.48312770e+10 3.14144628e+10\n",
      "  2.21528823e+10 2.15979457e+10 7.65732170e+10 4.84836987e+10\n",
      "  5.99115672e+10 4.77577602e+10 2.24374067e+10 1.66194559e+10\n",
      "  1.40428496e+10 1.62865518e+10 5.84473418e+10 7.19327937e+10]\n",
      " [1.69356888e+10 3.11046986e+10 2.93944128e+10 2.36693783e+10\n",
      "  1.81846436e+10 3.26052408e+10 5.90404746e+10 8.39326906e+09\n",
      "  1.36098750e+10 3.04197197e+10 3.14144628e+10 2.47952634e+10\n",
      "  1.74955680e+10 1.63477443e+10 5.31777665e+10 3.20674070e+10\n",
      "  4.04770707e+10 3.32422418e+10 1.75876096e+10 1.47052260e+10\n",
      "  1.24910548e+10 1.29848195e+10 4.18711239e+10 4.59686603e+10]\n",
      " [1.34636487e+10 2.16102611e+10 2.09698517e+10 1.71225896e+10\n",
      "  1.33171655e+10 2.27764120e+10 3.99077997e+10 7.08257105e+09\n",
      "  1.09872017e+10 2.17241566e+10 2.21528823e+10 1.74955680e+10\n",
      "  1.29321367e+10 1.18865712e+10 3.60772058e+10 2.29945771e+10\n",
      "  2.90491130e+10 2.36258826e+10 1.28442435e+10 1.10633669e+10\n",
      "  9.18157722e+09 9.50493182e+09 2.86394470e+10 3.23417373e+10]\n",
      " [1.12060628e+10 2.09586530e+10 2.04147797e+10 1.58740702e+10\n",
      "  1.25525533e+10 2.18852211e+10 3.91424522e+10 6.28584227e+09\n",
      "  9.04529090e+09 2.07743754e+10 2.15979457e+10 1.63477443e+10\n",
      "  1.18865712e+10 1.13477064e+10 3.53362709e+10 2.19837297e+10\n",
      "  2.73333881e+10 2.28942773e+10 1.19141637e+10 9.72934873e+09\n",
      "  8.24281424e+09 9.03442243e+09 2.77883951e+10 3.13828250e+10]\n",
      " [4.30453978e+10 8.52624055e+10 6.98972082e+10 4.95760388e+10\n",
      "  3.72443507e+10 9.07331567e+10 1.75225841e+11 5.24712925e+09\n",
      "  3.20275475e+10 8.07093618e+10 7.65732170e+10 5.31777665e+10\n",
      "  3.60772058e+10 3.53362709e+10 1.54962344e+11 8.73678143e+10\n",
      "  1.18593278e+11 8.37578989e+10 3.25746505e+10 2.29220289e+10\n",
      "  2.02995879e+10 2.36627881e+10 1.15401104e+11 1.39020192e+11]\n",
      " [3.15717332e+10 5.23194345e+10 4.53819429e+10 3.15826159e+10\n",
      "  2.44528612e+10 5.29825719e+10 9.87284839e+10 1.08657957e+10\n",
      "  2.41792343e+10 5.12732958e+10 4.84836987e+10 3.20674070e+10\n",
      "  2.29945771e+10 2.19837297e+10 8.73678143e+10 5.95356821e+10\n",
      "  7.32334104e+10 5.27780790e+10 2.25533503e+10 1.55706496e+10\n",
      "  1.28833475e+10 1.54466712e+10 6.52938243e+10 9.01261067e+10]\n",
      " [4.22005069e+10 6.76448860e+10 5.53739197e+10 3.92863071e+10\n",
      "  2.94196650e+10 7.14143953e+10 1.34554794e+11 7.06458455e+09\n",
      "  3.23766183e+10 6.59846130e+10 5.99115672e+10 4.04770707e+10\n",
      "  2.90491130e+10 2.73333881e+10 1.18593278e+11 7.32334104e+10\n",
      "  9.93432908e+10 6.65123064e+10 2.60316114e+10 1.88684822e+10\n",
      "  1.54536803e+10 1.77546459e+10 8.77709445e+10 1.15224097e+11]\n",
      " [2.58245463e+10 4.94014583e+10 4.46699642e+10 3.21689570e+10\n",
      "  2.50579167e+10 5.05997867e+10 9.41832115e+10 1.08280562e+10\n",
      "  2.03739455e+10 4.83038116e+10 4.77577602e+10 3.32422418e+10\n",
      "  2.36258826e+10 2.28942773e+10 8.37578989e+10 5.27780790e+10\n",
      "  6.65123064e+10 5.15640861e+10 2.33440932e+10 1.74598777e+10\n",
      "  1.45522739e+10 1.66829377e+10 6.34961473e+10 7.91221747e+10]\n",
      " [1.20259733e+10 2.07160121e+10 2.14652483e+10 1.73420770e+10\n",
      "  1.36969796e+10 2.08098380e+10 3.58216443e+10 9.06471843e+09\n",
      "  1.00913656e+10 2.09397010e+10 2.24374067e+10 1.75876096e+10\n",
      "  1.28442435e+10 1.19141637e+10 3.25746505e+10 2.25533503e+10\n",
      "  2.60316114e+10 2.33440932e+10 1.38201870e+10 1.16007360e+10\n",
      "  9.55398459e+09 1.00348414e+10 2.63059567e+10 3.02510807e+10]\n",
      " [1.02114257e+10 1.47793929e+10 1.59810606e+10 1.45393342e+10\n",
      "  1.12411382e+10 1.53215156e+10 2.49076507e+10 8.09382451e+09\n",
      "  9.00041456e+09 1.54648519e+10 1.66194559e+10 1.47052260e+10\n",
      "  1.10633669e+10 9.72934873e+09 2.29220289e+10 1.55706496e+10\n",
      "  1.88684822e+10 1.74598777e+10 1.16007360e+10 1.11334324e+10\n",
      "  8.91327602e+09 8.35721027e+09 1.93095913e+10 1.94327366e+10]\n",
      " [7.84001525e+09 1.25006034e+10 1.33909005e+10 1.21316041e+10\n",
      "  9.43440860e+09 1.32141984e+10 2.19740824e+10 6.07638404e+09\n",
      "  6.68694676e+09 1.27340187e+10 1.40428496e+10 1.24910548e+10\n",
      "  9.18157722e+09 8.24281424e+09 2.02995879e+10 1.28833475e+10\n",
      "  1.54536803e+10 1.45522739e+10 9.55398459e+09 8.91327602e+09\n",
      "  7.46881806e+09 7.21289698e+09 1.71162798e+10 1.62909870e+10]\n",
      " [7.76825531e+09 1.45615728e+10 1.56162210e+10 1.26896908e+10\n",
      "  1.02414331e+10 1.50854700e+10 2.57215649e+10 6.18815673e+09\n",
      "  6.35965510e+09 1.45925248e+10 1.62865518e+10 1.29848195e+10\n",
      "  9.50493182e+09 9.03442243e+09 2.36627881e+10 1.54466712e+10\n",
      "  1.77546459e+10 1.66829377e+10 1.00348414e+10 8.35721027e+09\n",
      "  7.21289698e+09 7.90644896e+09 1.94233556e+10 2.05000279e+10]\n",
      " [3.27106777e+10 6.37825080e+10 5.35455638e+10 3.91521630e+10\n",
      "  2.95702302e+10 6.80450252e+10 1.29978553e+11 5.77613705e+09\n",
      "  2.45170841e+10 6.06025375e+10 5.84473418e+10 4.18711239e+10\n",
      "  2.86394470e+10 2.77883951e+10 1.15401104e+11 6.52938243e+10\n",
      "  8.77709445e+10 6.34961473e+10 2.63059567e+10 1.93095913e+10\n",
      "  1.71162798e+10 1.94233556e+10 8.69020282e+10 1.02236555e+11]\n",
      " [4.70462957e+10 8.07501593e+10 6.66290840e+10 4.46897051e+10\n",
      "  3.41179874e+10 8.28465025e+10 1.57924221e+11 1.01564636e+10\n",
      "  3.53132554e+10 7.80748483e+10 7.19327937e+10 4.59686603e+10\n",
      "  3.23417373e+10 3.13828250e+10 1.39020192e+11 9.01261067e+10\n",
      "  1.15224097e+11 7.91221747e+10 3.02510807e+10 1.94327366e+10\n",
      "  1.62909870e+10 2.05000279e+10 1.02236555e+11 1.41102760e+11]]\n",
      "[[1.15285466e+08 1.38437639e+09 2.42896166e+09 1.19010905e+09\n",
      "  9.30383520e+08 2.74328866e+09 2.03221995e+08 1.57999494e+08\n",
      "  1.71868220e+08 1.74608775e+09 1.90249764e+09 8.58866328e+08\n",
      "  1.25189987e+09 2.82201238e+09 2.19486157e+08 1.80907885e+08\n",
      "  1.52541730e+08 1.74438988e+09 2.09084328e+09 6.12380720e+08\n",
      "  6.38467287e+08 3.13997175e+09 4.13184589e+08 3.61846999e+08]\n",
      " [1.38437639e+09 2.51112276e+10 4.37884331e+10 1.93754161e+10\n",
      "  1.59218463e+10 5.12905179e+10 2.91837710e+09 1.77368141e+09\n",
      "  2.40737935e+09 3.26385067e+10 3.48196399e+10 1.43035271e+10\n",
      "  2.18222447e+10 5.07931879e+10 2.24727982e+09 2.53211037e+09\n",
      "  2.12709090e+09 3.12675441e+10 3.83133524e+10 1.05177520e+10\n",
      "  1.19097706e+10 6.05746794e+10 3.43462673e+09 3.41905986e+09]\n",
      " [2.42896166e+09 4.37884331e+10 7.65920682e+10 3.46254452e+10\n",
      "  2.80984527e+10 8.89825333e+10 5.27380326e+09 3.28345962e+09\n",
      "  4.23147377e+09 5.65704098e+10 6.06576047e+10 2.54807131e+10\n",
      "  3.84683488e+10 8.86774740e+10 4.35999287e+09 4.62713997e+09\n",
      "  3.72974375e+09 5.45589824e+10 6.67172824e+10 1.84911691e+10\n",
      "  2.07299225e+10 1.04644571e+11 7.21757064e+09 6.98391558e+09]\n",
      " [1.19010905e+09 1.93754161e+10 3.46254452e+10 1.93164644e+10\n",
      "  1.40958682e+10 3.71091958e+10 3.26916589e+09 2.36900026e+09\n",
      "  2.04957790e+09 2.33212848e+10 2.64400655e+10 1.37021794e+10\n",
      "  1.89575541e+10 3.97411633e+10 4.08594184e+09 3.05289801e+09\n",
      "  1.78941957e+09 2.42108676e+10 2.89637620e+10 8.93332734e+09\n",
      "  9.03129355e+09 4.15316358e+10 9.01736169e+09 7.87299733e+09]\n",
      " [9.30383520e+08 1.59218463e+10 2.80984527e+10 1.40958682e+10\n",
      "  1.09678837e+10 3.15441444e+10 2.28513401e+09 1.53679286e+09\n",
      "  1.62407082e+09 1.99095580e+10 2.18893435e+10 1.01748879e+10\n",
      "  1.47434912e+10 3.25463703e+10 2.42510113e+09 2.06768290e+09\n",
      "  1.41854450e+09 1.98638013e+10 2.40311761e+10 7.00882933e+09\n",
      "  7.48982148e+09 3.62962614e+10 4.88704810e+09 4.38502346e+09]\n",
      " [2.74328866e+09 5.12905179e+10 8.89825333e+10 3.71091958e+10\n",
      "  3.15441444e+10 1.06316722e+11 5.37711486e+09 3.04748953e+09\n",
      "  4.80621176e+09 6.77532696e+10 7.13715165e+10 2.77101764e+10\n",
      "  4.34292409e+10 1.03539260e+11 3.25238874e+09 4.54894217e+09\n",
      "  4.23550687e+09 6.38224997e+10 7.86334486e+10 2.10271992e+10\n",
      "  2.44423677e+10 1.26858353e+11 3.37999279e+09 4.01163862e+09]\n",
      " [2.03221995e+08 2.91837710e+09 5.27380326e+09 3.26916589e+09\n",
      "  2.28513401e+09 5.37711486e+09 6.24905648e+08 4.56580060e+08\n",
      "  3.36512401e+08 3.34614971e+09 3.93292520e+09 2.28686101e+09\n",
      "  3.02526472e+09 6.04227957e+09 8.71468647e+08 5.66841565e+08\n",
      "  3.09535973e+08 3.65747849e+09 4.29945690e+09 1.40861032e+09\n",
      "  1.33136690e+09 5.76436761e+09 1.96219427e+09 1.67529236e+09]\n",
      " [1.57999494e+08 1.77368141e+09 3.28345962e+09 2.36900026e+09\n",
      "  1.53679286e+09 3.04748953e+09 4.56580060e+08 4.45151359e+08\n",
      "  2.54861480e+08 1.87323148e+09 2.35432393e+09 1.61650452e+09\n",
      "  2.00959087e+09 3.73215174e+09 7.56073258e+08 4.73417310e+08\n",
      "  2.25216621e+08 2.25270602e+09 2.58018568e+09 9.63403528e+08\n",
